17 

9.999000000000000e+03

3.000000000000000e+00

5.000000000000000e+00

4.800000000000000e+01

4.800000000000000e+01

8.000000000000000e+00

8.000000000000000e+00

5.000000000000000e+00

5.000000000000000e+00

3.000000000000000e+00

3.000000000000000e+00

0.000000000000000e+00

3.000000000000000e+00

5.000000000000000e+00

8.000000000000000e+00

8.000000000000000e+00

5.000000000000000e+00

</vertex>


-<vertex>

3.000000000000000e+00

9.999000000000000e+03

3.000000000000000e+00

4.800000000000000e+01

4.800000000000000e+01

8.000000000000000e+00

8.000000000000000e+00

5.000000000000000e+00

5.000000000000000e+00

0.000000000000000e+00

0.000000000000000e+00

3.000000000000000e+00

0.000000000000000e+00

3.000000000000000e+00

8.000000000000000e+00

8.000000000000000e+00

5.000000000000000e+00

</vertex>


-<vertex>

5.000000000000000e+00

3.000000000000000e+00

9.999000000000000e+03

7.200000000000000e+01

7.200000000000000e+01

4.800000000000000e+01

4.800000000000000e+01

2.400000000000000e+01

2.400000000000000e+01

3.000000000000000e+00

3.000000000000000e+00

5.000000000000000e+00

3.000000000000000e+00

0.000000000000000e+00

4.800000000000000e+01

4.800000000000000e+01

2.400000000000000e+01

</vertex>


-<vertex>

4.800000000000000e+01

4.800000000000000e+01

7.400000000000000e+01

9.999000000000000e+03

0.000000000000000e+00

6.000000000000000e+00

6.000000000000000e+00

1.200000000000000e+01

1.200000000000000e+01

4.800000000000000e+01

4.800000000000000e+01

4.800000000000000e+01

4.800000000000000e+01

7.400000000000000e+01

6.000000000000000e+00

6.000000000000000e+00

1.200000000000000e+01

</vertex>


-<vertex>

4.800000000000000e+01

4.800000000000000e+01

7.400000000000000e+01

0.000000000000000e+00

9.999000000000000e+03

6.000000000000000e+00

6.000000000000000e+00

1.200000000000000e+01

1.200000000000000e+01

4.800000000000000e+01

4.800000000000000e+01

4.800000000000000e+01

4.800000000000000e+01

7.400000000000000e+01

6.000000000000000e+00

6.000000000000000e+00

1.200000000000000e+01

</vertex>


-<vertex>

8.000000000000000e+00

8.000000000000000e+00

5.000000000000000e+01

6.000000000000000e+00

6.000000000000000e+00

9.999000000000000e+03

0.000000000000000e+00

8.000000000000000e+00

8.000000000000000e+00

8.000000000000000e+00

8.000000000000000e+00

8.000000000000000e+00

8.000000000000000e+00

5.000000000000000e+01

0.000000000000000e+00

0.000000000000000e+00

8.000000000000000e+00

</vertex>


-<vertex>

8.000000000000000e+00

8.000000000000000e+00

5.000000000000000e+01

6.000000000000000e+00

6.000000000000000e+00

0.000000000000000e+00

9.999000000000000e+03

8.000000000000000e+00

8.000000000000000e+00

8.000000000000000e+00

8.000000000000000e+00

8.000000000000000e+00

8.000000000000000e+00

5.000000000000000e+01

0.000000000000000e+00

0.000000000000000e+00

8.000000000000000e+00

</vertex>


-<vertex>

5.000000000000000e+00

5.000000000000000e+00

2.600000000000000e+01

1.200000000000000e+01

1.200000000000000e+01

8.000000000000000e+00

8.000000000000000e+00

9.999000000000000e+03

0.000000000000000e+00

5.000000000000000e+00

5.000000000000000e+00

5.000000000000000e+00

5.000000000000000e+00

2.600000000000000e+01

8.000000000000000e+00

8.000000000000000e+00

0.000000000000000e+00

</vertex>


-<vertex>

5.000000000000000e+00

5.000000000000000e+00

2.600000000000000e+01

1.200000000000000e+01

1.200000000000000e+01

8.000000000000000e+00

8.000000000000000e+00

0.000000000000000e+00

9.999000000000000e+03

5.000000000000000e+00

5.000000000000000e+00

5.000000000000000e+00

5.000000000000000e+00

2.600000000000000e+01

8.000000000000000e+00

8.000000000000000e+00

0.000000000000000e+00

</vertex>


-<vertex>

3.000000000000000e+00

0.000000000000000e+00

3.000000000000000e+00

4.800000000000000e+01

4.800000000000000e+01

8.000000000000000e+00

8.000000000000000e+00

5.000000000000000e+00

5.000000000000000e+00

9.999000000000000e+03

0.000000000000000e+00

3.000000000000000e+00

0.000000000000000e+00

3.000000000000000e+00

8.000000000000000e+00

8.000000000000000e+00

5.000000000000000e+00

</vertex>


-<vertex>

3.000000000000000e+00

0.000000000000000e+00

3.000000000000000e+00

4.800000000000000e+01

4.800000000000000e+01

8.000000000000000e+00

8.000000000000000e+00

5.000000000000000e+00

5.000000000000000e+00

0.000000000000000e+00

9.999000000000000e+03

3.000000000000000e+00

0.000000000000000e+00

3.000000000000000e+00

8.000000000000000e+00

8.000000000000000e+00

5.000000000000000e+00

</vertex>


-<vertex>

0.000000000000000e+00

3.000000000000000e+00

5.000000000000000e+00

4.800000000000000e+01

4.800000000000000e+01

8.000000000000000e+00

8.000000000000000e+00

5.000000000000000e+00

5.000000000000000e+00

3.000000000000000e+00

3.000000000000000e+00

9.999000000000000e+03

3.000000000000000e+00

5.000000000000000e+00

8.000000000000000e+00

8.000000000000000e+00

5.000000000000000e+00

</vertex>


-<vertex>

3.000000000000000e+00

0.000000000000000e+00

3.000000000000000e+00

4.800000000000000e+01

4.800000000000000e+01

8.000000000000000e+00

8.000000000000000e+00

5.000000000000000e+00

5.000000000000000e+00

0.000000000000000e+00

0.000000000000000e+00

3.000000000000000e+00

9.999000000000000e+03

3.000000000000000e+00

8.000000000000000e+00

8.000000000000000e+00

5.000000000000000e+00

</vertex>


-<vertex>

5.000000000000000e+00

3.000000000000000e+00

0.000000000000000e+00

7.200000000000000e+01

7.200000000000000e+01

4.800000000000000e+01

4.800000000000000e+01

2.400000000000000e+01

2.400000000000000e+01

3.000000000000000e+00

3.000000000000000e+00

5.000000000000000e+00

3.000000000000000e+00

9.999000000000000e+03

4.800000000000000e+01

4.800000000000000e+01

2.400000000000000e+01

</vertex>


-<vertex>

8.000000000000000e+00

8.000000000000000e+00

5.000000000000000e+01

6.000000000000000e+00

6.000000000000000e+00

0.000000000000000e+00

0.000000000000000e+00

8.000000000000000e+00

8.000000000000000e+00

8.000000000000000e+00

8.000000000000000e+00

8.000000000000000e+00

8.000000000000000e+00

5.000000000000000e+01

9.999000000000000e+03

0.000000000000000e+00

8.000000000000000e+00

</vertex>


-<vertex>

8.000000000000000e+00

8.000000000000000e+00

5.000000000000000e+01

6.000000000000000e+00

6.000000000000000e+00

0.000000000000000e+00

0.000000000000000e+00

8.000000000000000e+00

8.000000000000000e+00

8.000000000000000e+00

8.000000000000000e+00

8.000000000000000e+00

8.000000000000000e+00

5.000000000000000e+01

0.000000000000000e+00

9.999000000000000e+03

8.000000000000000e+00

</vertex>


-<vertex>

5.000000000000000e+00

5.000000000000000e+00

2.600000000000000e+01

1.200000000000000e+01

1.200000000000000e+01

8.000000000000000e+00

8.000000000000000e+00

0.000000000000000e+00

0.000000000000000e+00

5.000000000000000e+00

5.000000000000000e+00

5.000000000000000e+00

5.000000000000000e+00

2.600000000000000e+01

8.000000000000000e+00

8.000000000000000e+00

9.999000000000000e+03

</vertex>

</graph>

</travellingSalesmanProblemInstance>